.Random.seed <-
c(403L, 10L, -1726784876L, 2005815866L, 982932613L, -2117320353L, 
-1853894170L, -1225015184L, -1336491117L, 1597539377L, -874476832L, 
-875197570L, 977879561L, -2014574021L, 17028106L, -936465428L, 
-1461239697L, -412622939L, 1347331932L, -383046862L, 1692144173L, 
-2040987417L, 1953772046L, 1300189160L, 1876521451L, 1892647561L, 
417151512L, -497176250L, 560234401L, 2134274611L, -1882746974L, 
729926292L, -28081897L, 1822416653L, -1661053404L, 1904967178L, 
-156399755L, -1013869873L, -1301912106L, -143234688L, -244850237L, 
790640481L, 2094288336L, 298138926L, -485487399L, -725367061L, 
-2008194214L, 2049078556L, -1886125025L, 296306805L, 952947980L, 
547158242L, -472518211L, 1584068151L, -822367010L, -1742850024L, 
347940731L, -223713511L, -1043530840L, -2127778986L, -746474543L, 
-1137256573L, -778567150L, 1685771684L, 1200968039L, 621870781L, 
1840072244L, 156712346L, -278476315L, 1662416255L, 1276771590L, 
541714064L, -1402638541L, -1070551855L, -793233792L, -694984866L, 
-1595458391L, 1637658459L, -408894102L, -1584101364L, 1634000975L, 
-1302636283L, -1550085700L, -816532334L, 1875046285L, 1013708743L, 
-1659728722L, -352723704L, 1143847691L, -1354820119L, -55328072L, 
-1943042714L, 24223233L, -17733485L, 323302210L, 608849140L, 
-1573693193L, 691851501L, -2123721852L, 201215402L, -765152491L, 
416731567L, -1832496714L, -46979104L, 302049059L, -481454015L, 
750334768L, 1398733134L, -464565319L, 1602149835L, 1183600250L, 
1322689404L, -1315312705L, 1376130197L, 1251293868L, 483391618L, 
1461966941L, 1149194071L, -46280130L, -913877384L, -104434341L, 
1136850105L, -375579384L, -318709834L, 1944175857L, -195771613L, 
1377375602L, 635842500L, -686007417L, -1675531939L, -471382188L, 
1051508090L, -524785467L, -1473578465L, 978726310L, -1443610832L, 
696448467L, 6005745L, 1848612128L, 897958846L, 215075785L, -141644933L, 
-1074259638L, -366201428L, -1982078801L, -1779852699L, 385819164L, 
71834738L, -346660115L, 21016359L, -1560556722L, 355468200L, 
-117119061L, 2027377865L, -81279784L, -1519568506L, 51155041L, 
1263141363L, -1337225118L, -371169580L, 1727946711L, -951472691L, 
-1159149212L, 875355466L, 1692622005L, 530222095L, -248716010L, 
-1648443456L, 213007235L, -983393887L, 1113490832L, 585750126L, 
1610936345L, 795561131L, 2056695962L, -127324068L, -964526753L, 
-1087015115L, -1285403956L, 1375029282L, 1262387837L, 101754743L, 
1118599326L, -1677703336L, 408941243L, -408617895L, 459425768L, 
-480382442L, 1647097233L, 303697475L, -1733853870L, 1833902564L, 
1991475239L, 1179880573L, -1915113100L, 1166835034L, -54322267L, 
200616895L, -373999546L, 1687467728L, -1445355277L, 1077286417L, 
-1479831488L, -2091920354L, -1296825623L, -547104741L, -54177750L, 
2056500044L, 457556239L, 1466979397L, -734620164L, 71955538L, 
1249383885L, -812210297L, 1277669998L, 720118344L, 1543951435L, 
-941554263L, -1723221768L, -842482650L, -1350828735L, 1000450771L, 
1032360578L, -1092585292L, -817629129L, 795020077L, 1150074948L, 
1858243946L, 424106453L, 945358544L, 1471712316L, -794626924L, 
-1392732030L, 226283456L, -1479767748L, 1209335440L, 1627179042L, 
113825800L, -404947828L, -1780505572L, -1710079342L, -1359830912L, 
-243358700L, 1946915112L, -1794590150L, -1178966832L, -696501140L, 
-2120229196L, -598632430L, -1930989600L, 1332132812L, -2105305632L, 
1507768866L, -92043992L, -789258996L, -535185860L, 961186034L, 
1398712048L, 1483763524L, 1692821080L, 1597909562L, 1118490352L, 
191584444L, 25758228L, -1243673406L, 845605984L, -660619908L, 
2070087888L, 337640482L, -545794392L, 1177930636L, 1694827964L, 
-1305119694L, 2084499264L, 1353270452L, 1111031624L, 994550458L, 
-1882591472L, 2067494124L, 159947860L, 190750482L, 1518800800L, 
-1500884020L, -1617065120L, -1024203582L, 1610612264L, -917946964L, 
846699324L, -1778768014L, 1524277040L, 868279844L, -1230676936L, 
1906260186L, -29758064L, 246807292L, 1785832340L, 1566379842L, 
-1527532032L, 1429134908L, 257475152L, -319336798L, 749972296L, 
-276852212L, 1336940764L, 408787538L, 2061080704L, -454515884L, 
-443122200L, -783982854L, 400587600L, -730600404L, -536090252L, 
971941522L, 1176653408L, -1107925364L, -1568155808L, -1200917790L, 
2070306984L, -807166772L, -653196804L, -1492805710L, -217548304L, 
1097127364L, 108262232L, 1051721594L, 1371334064L, 1972669884L, 
1816063060L, 1004912578L, 821630752L, -995601476L, -1312256432L, 
-1838872094L, -885693080L, 1710622028L, 1800936700L, 580326130L, 
-1652741376L, 1767399028L, 1173576712L, 1263446458L, -1114346544L, 
1556973036L, -773820524L, 1215831762L, 917531232L, -672090804L, 
2138067232L, 772740738L, 872646120L, -1719129108L, -796440004L, 
-1781143950L, -2085528720L, 1901918500L, 594778680L, -1848026726L, 
1106238928L, 1426632124L, 1639031956L, -516390782L, -1912752704L, 
-1551452356L, -970864496L, 1266055970L, -1750371832L, 2102673676L, 
-473708132L, -1754125806L, 417226624L, -838626540L, 478447912L, 
-1538092998L, -1822772272L, 1714218604L, 1475543604L, 243713682L, 
1694936416L, 1216930124L, 863704032L, 289841570L, 1257079208L, 
-1524294004L, -1865882180L, 1538744946L, 1966349296L, -47543740L, 
-555462568L, -1471978438L, 1648114800L, 1184261180L, -376673004L, 
1181618882L, 1004848864L, -1234776964L, -1739869488L, -423550558L, 
-920407000L, 603698956L, -1794656836L, 2045642546L, -88912192L, 
-56420300L, 501051080L, -1980393286L, 2119426704L, 563054316L, 
-1886379436L, 1004420754L, -847112928L, -1883308596L, -1197494560L, 
-1043833662L, -338326488L, -1041742932L, -870594884L, 753907698L, 
525034032L, 1686502308L, -780323400L, 507869018L, 614340752L, 
156682108L, 1158370580L, 235991362L, 1888599296L, 858620348L, 
1851575632L, 157301026L, 2002731592L, -984069108L, 1074987612L, 
-2022443566L, 551370240L, 1918447956L, -695200536L, 1339439354L, 
280486608L, 1780879148L, -912298764L, -2034416238L, -1583670944L, 
530139148L, -1432229664L, -1580669342L, 1403433128L, -1598740404L, 
351303548L, 2086112562L, -326795664L, -255400124L, 1018563544L, 
587976570L, -609168336L, 1743953852L, -553248172L, 984295933L, 
-1724764950L, -291362936L, 1904824625L, 2087580067L, 395888036L, 
479844434L, -13263961L, 1675755505L, 1042410294L, -264038444L, 
75492709L, -1018879633L, 118307752L, 1115361542L, 1120333875L, 
-1823463787L, 172826354L, -329830592L, 360582313L, -1670196965L, 
-134633748L, -1966580998L, -1920654545L, -200725703L, 1409887566L, 
-1840018532L, -394903283L, 1712489335L, -267372672L, 1744872926L, 
-1777796437L, 1334793645L, -1724003814L, 85085400L, 896250177L, 
1204161011L, 42221588L, 75236770L, -504773961L, -1674843007L, 
-2033525626L, 598325444L, 1884755445L, 1316929631L, -414664008L, 
2056299414L, -1440173661L, -304327323L, -2107603838L, 1412287984L, 
-1501717607L, 704331147L, 1151973500L, -279844182L, 1301333215L, 
616608361L, 1687277694L, 1322657900L, 2048209085L, 2027389319L, 
-418400912L, -443576306L, -1186083525L, -659164643L, -1931401526L, 
1829057000L, -233822511L, -215838013L, -1707263548L, 555847282L, 
433999687L, 1384566545L, 491111062L, 1121355764L, -1858121339L, 
1918233807L, 1397765576L, -1630147482L, 2101357203L, 1683632629L, 
1642494930L, -67280864L, -765515255L, 1149989691L, 1375737484L, 
-1741907174L, 468430223L, 130441945L, 945397102L, -1333264132L, 
1805642349L, -1258301929L, -1119751200L, 1801183166L, -939594357L, 
1183669773L, -108735942L, 877025912L, -755297759L, 244640979L, 
1383201780L, -1869648766L, 1686828311L, -1401568287L, -516037338L, 
980304932L, -662716715L, -1516930433L, -537175272L, 1604141622L, 
-843889469L, -680027899L, -612994910L, -1538722160L, -239398343L, 
559450859L, 395697116L, 1894047242L, -480091905L, 1933268297L, 
993568478L, -1155830644L, 208452701L, -2115599769L, -954053744L, 
561610670L, 489266779L, 1825419837L, -667962198L, 505550152L, 
588884337L, -71377181L, 824088036L, -1441326830L, -1871342361L, 
-1046383951L, -1936193290L, -1136385260L, 1597844517L, 1765906735L, 
935124712L, 1422953414L, 1325420147L, -1950089003L, -2045392206L, 
2052358784L, -959364503L, 369211099L, -984292820L, 1548696122L, 
